0 0 0 0 0 0.0022777 0 0 0 0 0.025898 0.018594 0.01281 0.010637 0.0099434 0.019354 0.010877 0.022454 0.038179 0.03929 0.029528 0.030735 0.034921 0.0394 0.037434
0 0 0 0 0 0.00067152 0 0 0 0 0.026894 0.019708 0.014014 0.011525 0.010496 0.020413 0.011984 0.024283 0.039648 0.040657 0.025863 0.026515 0.031789 0.03803 0.037686
0 0 0 0 0 0 0 0 0 0 0.017365 0.012032 0.0071741 0.0057463 0.0050588 0.015927 0.009521 0.016427 0.025592 0.023552 0.03438 0.034922 0.033579 0.031039 0.024828
0.0043045 0 0 0 0 0 0 0 0 0 0.0059501 0.0038398 0.0014152 0.0008929 0.00061772 0.014996 0.010431 0.012014 0.013776 0.0088807 0.026677 0.027019 0.027868 0.02801 0.023942
0.0064115 0.0028539 0 0 0 0 0 0 0 0 0.0068831 0.0045561 0.0018923 0.0010688 0.0008263 0.017835 0.012046 0.016192 0.021343 0.015883 0.027838 0.027653 0.028454 0.029771 0.027207
0.028743 0.052821 0.035627 0.010146 0.0075588 0.058527 0.042284 0.028246 0.021266 0.017691 0 0 0 0 0.00025068 0.014474 0.0095578 0.012579 0.016301 0.013783 0.023147 0.023149 0.020891 0.016826 0.013333
0.03086 0.053096 0.035661 0.0092971 0.006999 0.016053 0.0075595 0.0039918 0.0040917 0.0057887 0 0 0 0 0 0.012646 0.0099146 0.0077483 0.0059206 0.0023935 0.026893 0.028102 0.024669 0.016887 0.011664
0.028547 0.026888 0.016835 0.0081539 0.0066367 0 0 0 0 0 0 0 0 0 0 0.019498 0.014067 0.015933 0.018743 0.011257 0.028449 0.028201 0.029253 0.031015 0.026546
0.016593 0.011832 0.0065074 0.0056025 0.0045759 0 0 0 0 0 0 0 0 0 0 0.020655 0.0149 0.016781 0.019622 0.011687 0.031707 0.031061 0.030819 0.030888 0.023738
0.024367 0.018227 0.013342 0.01115 0.0072504 0 0 0 0 0 0 0 0 0 0 0.016124 0.010624 0.012733 0.015352 0.0097219 0.033399 0.031901 0.028275 0.022477 0.014396
0.00042394 0.0034102 0.0034883 0.0018446 0.0013665 0.091231 0.061783 0.031105 0.0163 0.0076739 0.021958 0.017805 0.011019 0.0068417 0.0041526 0.062396 0.046263 0.034529 0.025475 0.021847 0.11688 0.077019 0.04904 0.037959 0.026528
0 0.0014273 0.00237 0.00065956 0.0012419 0.07123 0.065192 0.049658 0.03151 0.016991 0.0020945 0.001139 0.0050699 0.0046504 0.0039841 0.0401 0.03081 0.024899 0.018098 0.01225 0.089031 0.067726 0.050814 0.046897 0.039524
0.0020994 0.0053615 0.0061374 0.0044267 0.004235 0.023114 0.02224 0.029715 0.029787 0.025933 0.0047898 0.0028563 0.0038709 0.0044645 0.0053356 0.025838 0.023166 0.021217 0.017561 0.011649 0.047354 0.053358 0.060547 0.071684 0.073187
0.005839 0.0064168 0.0071426 0.0062819 0.0053911 0.010553 0.011185 0.016357 0.018947 0.019831 0.0096435 0.0062667 0.0060575 0.0041074 0.0062882 0.02191 0.020177 0.019853 0.017906 0.014251 0.030263 0.040077 0.054646 0.071737 0.080251
0.020399 0.015584 0.014716 0.012856 0.0097202 0.010383 0.012678 0.016268 0.01657 0.015575 0.0060099 0.0034226 0.0039892 0.0039967 0.0014116 0.018682 0.015016 0.01426 0.012469 0.0065269 0.025178 0.028808 0.035477 0.044192 0.04851
0.015614 0.012243 0.010068 0.0079202 0.0051418 0.0031621 0.0030596 0.002556 0.002433 0.0023858 0 0 0 0 0 0.14749 0.1514 0.0798 0.057398 0.045804 0.027791 0.027106 0.024487 0.017254 0.010756
0.01766 0.013657 0.011788 0.0091577 0.006204 0.0038709 0.0033488 0.0031149 0.0029606 0.002909 7.7744e-05 4.6471e-05 0 3.8578e-05 0 0.056964 0.10991 0.097017 0.060626 0.049759 0.022191 0.024795 0.028691 0.026717 0.023846
0.020171 0.015871 0.013687 0.011009 0.007566 0.0043623 0.0041748 0.0039178 0.0037588 0.0040871 0.00085406 0.00081032 0.0010598 0.00078601 0.00031815 0.028679 0.045192 0.080923 0.067615 0.038291 0.015739 0.019753 0.030978 0.041633 0.049342
0.02019 0.015348 0.01367 0.011183 0.0072161 0.0045894 0.0044904 0.0046935 0.0045862 0.0045881 0.0020631 0.001715 0.0012981 0.0010593 0.00061094 0.028348 0.038157 0.061983 0.07976 0.064388 0.014449 0.017171 0.030193 0.047483 0.063059
0.014422 0.010833 0.0092083 0.0073566 0.0046969 0.0028702 0.0028517 0.0024784 0.0024459 0.0024431 0.0020162 0.0014729 0.0011743 0.00071435 0.00042149 0.053939 0.049857 0.072907 0.11988 0.20127 0.038393 0.037113 0.032866 0.022093 0.014862
0.0096631 0.0083344 0.0078084 0.0063099 0.0044676 0.0027472 0.0026722 0.0026072 0.0022116 0.0021961 0.0012534 0.0012073 0.00079075 0.00058006 0.00021364 0.12988 0.099478 0.054519 0.036398 0.034441 0.05258 0.066674 0.063619 0.059636 0.059921
0.017289 0.013426 0.011684 0.0092308 0.0061488 0.0036684 0.0035667 0.0030744 0.0029876 0.0029708 0.0012791 0.0012618 0.0011986 0.0009767 0.00055822 0.054511 0.074662 0.061802 0.045353 0.03811 0.026078 0.042116 0.052888 0.060584 0.078475
0.018863 0.014824 0.013158 0.011034 0.0071144 0.0042441 0.0041267 0.0043106 0.0038406 0.0041967 0.0018267 0.0017999 0.0017064 0.0010948 0.00063124 0.037284 0.057382 0.071207 0.055251 0.045168 0.0055002 0.013384 0.031201 0.051132 0.085664
0.023075 0.017991 0.015285 0.012396 0.0078949 0.0046974 0.0048627 0.0042439 0.0040686 0.004057 0.00085792 0.0012017 0.0011087 0.00082261 0.00068388 0.032157 0.034448 0.057697 0.07072 0.061831 0.0043909 0.0063309 0.017943 0.029114 0.053561
0.021283 0.016726 0.014862 0.012037 0.0080255 0.0047418 0.004491 0.0041652 0.0039797 0.0039848 0.0014605 0.0013915 0.0012545 0.00094034 0.00078733 0.018085 0.02345 0.045883 0.062662 0.065865 0.024273 0.022574 0.023963 0.017949 0.0096122
