0 0 0 0 0 0.009511 0.0072808 0.0047631 0.0052015 0.0087294 0.01034 0.0082895 0.0063083 0.0056716 0.0057055 0.024527 0.028852 0.029732 0.028438 0.025772 0.010825 0.020111 0.025287 0.027425 0.030979
0 0 0 0 0 0.0078491 0.0062581 0.0047326 0.0058151 0.0092379 0.010224 0.0080784 0.0067725 0.0061292 0.006539 0.021142 0.029078 0.033079 0.0325 0.029851 0 0.00032692 0.010347 0.01717 0.023798
0 0 0 0 0 0.0038702 0.0017058 0 1.4214e-05 0.0027836 0.0081098 0.0070171 0.0053164 0.0050178 0.0047027 0.025147 0.034809 0.03999 0.039388 0.036002 0 0.0032535 0.015325 0.023687 0.032089
0 0 0 0 0 0 0 0 0 0 0.0041642 0.0041576 0.0024781 0.0018249 0.0011263 0.030404 0.040809 0.047642 0.047945 0.04443 0 0.0046361 0.016949 0.025515 0.03425
0 0 0 0 0 2.4929e-05 0 0 0 0 0.0044188 0.0042364 0.0030549 0.0028187 0.0021265 0.033169 0.045767 0.055044 0.055756 0.052677 0 0.0082683 0.020224 0.029598 0.0387
0.018416 0.043232 0.024821 0.0021076 0.0033248 0.057436 0.039713 0.025612 0.018925 0.015242 0.0029845 0.0015005 0.0022569 0.0033756 0.0050469 0.023326 0.031456 0.037873 0.038775 0.036161 0 0 0 0.0090225 0.020409
0.019789 0.038864 0.021775 0.00090794 0.0018951 0.016803 0.0068509 0.0026698 0.002845 0.0049199 0.0019298 0.00067713 0.00063942 0.0018017 0.0035637 0.028449 0.035975 0.041925 0.042262 0.038899 0 0 0.0033914 0.016237 0.026716
0.0041115 0.0061175 0.00032041 0 0.00040102 0 0 0 0 0 0.00051729 0.00015808 0 0 0 0.038343 0.046767 0.053655 0.052815 0.047944 0 0 0.01166 0.02468 0.036537
0 0 0 0 0.00019571 0 0 0 0 0 0.00066192 0.0016985 0 0 0 0.041076 0.05124 0.059165 0.058063 0.052019 0 0 0.011275 0.026292 0.039332
0.0017393 0.00087591 0 0.00033104 0.00068764 0 0 0 0 0 0.0011246 0.002208 0.00058486 0 0 0.040351 0.052907 0.063061 0.064373 0.060688 0 0 0 0.019499 0.036825
0.032965 0.027797 0.02298 0.016265 0.0087448 0.078825 0.053598 0.028658 0.016248 0.0087949 0.046676 0.031953 0.015434 0.0056511 0 0.013038 0.0040756 0.0016672 0.0037758 0.0087791 0.022602 0.030281 0.028262 0.02172 0.011469
0.028333 0.02558 0.021403 0.014239 0.007474 0.076185 0.066761 0.047382 0.028826 0.014805 0.010089 0.0046449 0.0047377 0.0019538 0 0.015644 0.012507 0.011546 0.012219 0.011749 0.0055861 0.013311 0.015172 0.01189 0.0077406
0.029906 0.025977 0.021729 0.015205 0.0083761 0.025588 0.02427 0.028108 0.024936 0.019478 0.011656 0.0056268 0.0046079 0.0046665 0.0054391 0.019136 0.017694 0.018821 0.020143 0.019738 0 0.0053662 0.012161 0.01281 0.011946
0.033145 0.027165 0.023305 0.017089 0.009789 0.011057 0.011379 0.014191 0.014901 0.013413 0.013586 0.0071612 0.0056095 0.0038483 0.0070423 0.019933 0.022601 0.024116 0.024462 0.024348 0 0 0.0019107 0.010128 0.0159
0.024019 0.019452 0.01755 0.013262 0.0074483 0.0074045 0.0092287 0.01037 0.0092453 0.0071079 0.011493 0.0063948 0.0050922 0.0042127 0.0015998 0.025189 0.024732 0.024118 0.024147 0.024839 0 0 0.0033461 0.010479 0.014789
0.0092202 0.0071578 0.0058374 0.0039801 0.0022034 0.0032435 0.0023002 0.001488 0.00078436 0.00037699 0.0033931 0.0032146 0.0026837 0.0025064 0.0024906 0.065911 0.041478 0.015404 0.016286 0.018803 0.059399 0.065405 0.057452 0.050478 0.047445
0.010153 0.0080155 0.0066875 0.0048197 0.0026205 0.0031984 0.0022745 0.0014832 0.0011395 0.00072791 0.0037288 0.0035532 0.0030301 0.0025087 0.0024989 0.057703 0.055544 0.018434 0.0098173 0.013788 0.053557 0.06237 0.057786 0.052811 0.049333
0.011357 0.0089788 0.007517 0.0054518 0.0029651 0.0034913 0.0025247 0.0016833 0.0012978 0.00084134 0.004004 0.003409 0.0031908 0.0026576 0.0026559 0.037179 0.04722 0.03526 0.013354 0.011705 0.041265 0.05035 0.050552 0.049573 0.049733
0.010455 0.0084513 0.0069833 0.0052291 0.0030393 0.0034763 0.0025545 0.0017345 0.0013545 0.00090192 0.0035733 0.0032881 0.0030474 0.002885 0.0028924 0.034127 0.047526 0.062894 0.05295 0.029083 0.027154 0.032602 0.032882 0.033485 0.037297
0.014241 0.011501 0.0098257 0.0075777 0.0041369 0.0032104 0.0026793 0.0022699 0.0018891 0.0014106 0.0035839 0.0027192 0.0022112 0.0020482 0.0020388 0.021411 0.021482 0.035097 0.044101 0.037063 0.077198 0.069997 0.049619 0.038786 0.034015
0.013124 0.010597 0.0093653 0.0075551 0.0039329 0.0019041 0.0020832 0.002014 0.0018309 0.0015345 0.0018712 0.00097414 0.00071271 0.000661 0.00063052 0.11355 0.060814 0.049209 0.06057 0.077157 0.068163 0.072355 0.068522 0.062133 0.052181
0.010082 0.0079717 0.0069504 0.005646 0.0030365 0.0018509 0.0015852 0.0014365 0.0012296 0.00094606 0.0022224 0.0016155 0.00093272 0.00086494 0.0011974 0.086015 0.063211 0.0545 0.063664 0.077168 0.059223 0.065495 0.065136 0.060496 0.0527
0.010834 0.008552 0.00781 0.0060344 0.003603 0.0023427 0.0020591 0.0015324 0.00166 0.001351 0.0027517 0.0017641 0.0014151 0.0013403 0.0016783 0.068021 0.06134 0.055899 0.060827 0.072346 0.057299 0.062206 0.063113 0.059349 0.053386
0.010237 0.0082161 0.0069817 0.0053765 0.0031357 0.0022944 0.0019334 0.001333 0.0010709 0.00074271 0.0027066 0.0020089 0.0016032 0.0015094 0.0014928 0.054882 0.05895 0.060336 0.059956 0.063583 0.053429 0.056038 0.05925 0.056799 0.053227
0.012143 0.010946 0.0094402 0.0068649 0.0031263 0.00047137 0.0016157 0.0025392 0.002271 0.0016139 0 0 0 0 0 0.061324 0.062165 0.070534 0.072415 0.083687 0.12525 0.091567 0.086617 0.092546 0.096502
