0.016692 0.014712 0.011918 0.009582 0.0095166 0.015187 0.015737 0.014774 0.017438 0.018268 0.0090744 0.010283 0.013031 0.013272 0.011687 0.0032236 0.0009796 0.0028667 0.013277 0.018248 0.0064707 0.0064535 0.0069335 0.0067653 0.0057727
0.015434 0.0098864 0.011539 0.0098766 0.012268 0.014896 0.015277 0.016447 0.020345 0.020794 0.0084566 0.009313 0.012056 0.01236 0.012056 0.0050915 0.0053117 0.0073597 0.012934 0.014538 0.0064001 0.0062033 0.0064997 0.0063338 0.0060712
0.014073 0.012272 0.0051342 0.0076899 0.012125 0.014312 0.014726 0.015478 0.018277 0.017685 0.0079677 0.0085075 0.010784 0.010844 0.010344 0.0056385 0.006651 0.0071891 0.008441 0.0083193 0.0062044 0.006005 0.0063107 0.0059687 0.0058779
0.013282 0.011125 0.0079995 0.0021461 0.011151 0.013244 0.013836 0.013798 0.0156 0.016724 0.0071333 0.0075448 0.0091921 0.0088754 0.008032 0.0056572 0.0071017 0.0075668 0.0066427 0.0040602 0.0056527 0.0054513 0.0057639 0.0056054 0.0051602
0.012659 0.0090494 0.0051682 0.002567 0.047359 0.0083053 0.013371 0.010016 0.0063864 0.015071 0.0057789 0.0059314 0.0064822 0.0062405 0.0041637 0.0042716 0.0054384 0.0053966 0.0037954 0 0.0043857 0.0043613 0.0046773 0.0047026 0.0042699
0.02036 0.028197 0.027188 0.022946 0.016253 0.022027 0.032447 0.036345 0.03066 0.036417 0.011787 0.014079 0.01787 0.016825 0.014842 0.0030216 0 0.0029942 0.013792 0.022843 0.0087682 0.0087637 0.0089996 0.0088288 0.0086631
0.01641 0.027522 0.027619 0.020786 0.012136 0.01061 0.025543 0.034436 0.032785 0.040132 0.0094947 0.01159 0.014897 0.014333 0.013617 0.0026595 0 0.0016652 0.010472 0.026633 0.0068196 0.0068153 0.0072366 0.0069016 0.0051676
0.01256 0.01858 0.016709 0.0092691 0.0062597 0.0029827 0.014735 0.026477 0.033189 0.038165 0.006405 0.008004 0.010248 0.010389 0.010544 0.0038783 0.002914 0.0061968 0.016319 0.042402 0.0043368 0.0045012 0.005114 0.0047882 0.0018224
0.012845 0.010974 0.0055249 0.00093931 0.0021846 0.0035112 0.011827 0.018203 0.022079 0.042504 0.005606 0.0065962 0.008319 0.0092115 0.0089579 0.0043457 0.0055443 0.0064251 0.017731 0.055794 0.0039277 0.0039092 0.0045371 0.0045613 0.002451
0.011582 0.0066726 0.0011724 0 0.0018919 0.004013 0.011127 0.017463 0.025146 0.070156 0.0057882 0.0064085 0.0079054 0.0092118 0.0088236 0.0050851 0.0072203 0.0085316 0.010804 0.018228 0.00431 0.0041165 0.0045751 0.0045961 0.0032102
0.017107 0.022168 0.0174 0.012667 0.0084183 0.015972 0.019506 0.022058 0.0196 0.012166 0.016956 0.021222 0.024723 0.03017 0.026495 0.0085323 0.013352 0.017721 0.018346 0.013368 0.004355 0.0050527 0.0046667 0.0048514 0.0060583
0.019194 0.027716 0.023961 0.017742 0.010383 0.017246 0.021248 0.024158 0.021266 0.012335 0.012032 0.03315 0.041072 0.042408 0.024589 0.0088498 0.013279 0.017549 0.018953 0.014548 0.0053091 0.0053078 0.0049306 0.005102 0.0067659
0.012409 0.013089 0.0092725 0.006606 0.0066342 0.014688 0.01411 0.014519 0.014418 0.0054521 0.0092075 0.012636 0.023181 0.046239 0.052401 0.0074346 0.011679 0.015617 0.016996 0.012838 0.0047644 0.0045858 0.0038918 0.0040609 0.0061973
0.0099494 0.006545 0.0021998 0.0015124 0.004415 0.013461 0.010865 0.0093356 0.0093996 0 0.00436 0.001586 0.003699 0.024019 0.048881 0.006636 0.011098 0.01517 0.01652 0.012198 0.0033879 0.0031977 0.0021342 0.0028635 0.0063636
0.0090606 0.0048404 0.00068725 0.00088217 0.0030861 0.012466 0.0091986 0.0067716 0.0062143 0 0.0029564 0.00058691 0 0.0095642 0.05327 0.0062371 0.010463 0.014166 0.015366 0.011125 0.0034585 0.0030881 0.0027277 0.0027583 0.0045178
0.044232 0.056277 0.046733 0.038574 0.022561 0.032339 0.044186 0.046978 0.029657 0.017003 0.014796 0.016792 0.019986 0.017362 0.012189 0.015383 0.019626 0.023566 0.025138 0.020997 0.012099 0.012093 0.012258 0.012086 0.013355
0.021688 0.058328 0.066924 0.053797 0.020549 0.016187 0.02835 0.046632 0.043386 0.022467 0.010476 0.012433 0.015334 0.012702 0.0095108 0.0089847 0.011648 0.015472 0.017352 0.015607 0.0074215 0.0076047 0.0076058 0.0076475 0.0079335
0.010066 0.034027 0.044999 0.034126 0.011424 0.0098241 0.020233 0.03385 0.044628 0.040574 0.0055668 0.0064917 0.0078909 0.0063091 0.0065863 0.0057282 0.0088631 0.011759 0.013945 0.015357 0.0041184 0.004293 0.0045099 0.0043834 0.0045296
0.0054689 0.010375 0.010373 0.005802 0.002594 0.001736 0.013433 0.01881 0.027061 0.05488 0.0027361 0.0029335 0.0028202 0.0012683 0.0026835 0.0036262 0.0064744 0.0090559 0.01108 0.016892 0.0023655 0.0025252 0.0027993 0.0028443 0.0025908
0.0055244 0.0042113 1.0409e-05 0 0.000507 0 0.0097093 0.013619 0.017821 0.047652 0.0026067 0.0025355 0.0018937 0 0.00048305 0.0035162 0.0062724 0.0088435 0.010919 0.015781 0.0024345 0.0024087 0.0028857 0.0029257 0.0024437
0.017946 0.022001 0.018088 0.014011 0.0096571 0.017428 0.019844 0.02054 0.018303 0.0072842 0.010443 0.015009 0.021985 0.027262 0.025985 0.0094935 0.0138 0.017464 0.018473 0.01345 0.006345 0.0063711 0.010429 0.01148 0.0099861
0.015702 0.024017 0.021655 0.015664 0.0088778 0.014293 0.016614 0.019991 0.019167 0.0073214 0.009165 0.01734 0.03189 0.048522 0.032477 0.0071034 0.010963 0.014793 0.016226 0.01193 0.003866 0.0038291 0.0049385 0.0058212 0.0058585
0.008356 0.01001 0.0073155 0.0044003 0.0041892 0.010472 0.00974 0.011099 0.0132 0.0041255 0.0019181 0.0039162 0.0095474 0.028266 0.038517 0.0045804 0.0087283 0.012708 0.013895 0.0097486 0.00040371 0.00057305 0.00055144 0.0015073 0.0041405
0.0061686 0.0014812 0 0 0.0014001 0.009602 0.0051593 0.003055 0.0038245 0 0 0 0 0.00077045 0.033519 0.004067 0.0088148 0.013147 0.01443 0.010252 0 0 0 2.2126e-05 0.0045762
0.009635 0.0042414 5.2428e-05 0 0.00050925 0.011427 0.0049833 0.0025327 0.0024019 0 0 0 0 0 0.0004071 0.0055598 0.01078 0.015349 0.01642 0.011973 0.00053291 0.00049346 0 0.00089033 0.00454
