0.015159 0.037794 0.046847 0.031952 0.031652 0.012262 0.00072819 0.011611 0.034747 0.01189 0.049365 0.036764 0.021794 0.011963 0.023632 0.0042657 0.0046335 0.022226 0.043802 0.040772 0.014491 0.028387 0.034398 0.032272 0.035354
0.0085206 0.025224 0.046906 0.035718 0.03375 0.0070271 0 0.015143 0.032572 0.020345 0.038217 0.027258 0.018865 0.011799 0.021979 0.0029984 0.00060718 0.0056178 0.021281 0.031931 0.013384 0.022579 0.028663 0.03201 0.038275
0.0052954 0.021685 0.043594 0.041485 0.03947 0.00703 0.0029017 0.012939 0.02863 0.031254 0.025301 0.0097374 0.002137 0.0079432 0.026318 0.0037387 0.0010824 0 0.0011176 0.022272 0.012699 0.021657 0.020839 0.018426 0.025208
0.0077698 0.023135 0.048146 0.034519 0.037088 0.0087124 0.0064773 0.016235 0.027618 0.032762 0.018804 4.9664e-05 0 0.0070736 0.029502 0.0040484 0.0014932 0 0 0.015357 0.01423 0.024719 0.022308 0.014658 0.017063
0.010961 0.028554 0.045182 0.028424 0.062497 0.0091847 0.0083184 0.023068 0.023679 0.030191 0.027883 0.0053589 0 0 0.01902 0.0035226 0.00033357 0 0 0.021725 0.016381 0.027439 0.026487 0.017686 0.029581
0.051577 0.041372 0.041392 0.020644 0.011599 0.028099 0.036892 0.035252 0.019699 0.0011691 0.015559 0.010744 0.015082 0.033803 0.043288 0.035823 0.062388 0.062916 0.045034 0.025467 0.024526 0.039982 0.036445 0.033176 0.024588
0.032303 0.026827 0.036589 0.023454 0.0186 0.019544 0.021372 0.023482 0.029904 0.0086733 0.026371 0.02061 0.015889 0.028748 0.043795 0.02138 0.052013 0.077036 0.059616 0.026753 0.016182 0.028867 0.022343 0.018228 0.011985
0.018055 0.020024 0.034727 0.028202 0.027107 0.012948 0.005942 0.0099745 0.032226 0.014501 0.026925 0.024865 0.017423 0.015352 0.036251 0.0062268 0.011922 0.046279 0.067596 0.048539 0.0090172 0.015911 0.0056026 0.00038545 0.0097394
0.013191 0.025057 0.040495 0.029205 0.021051 0.010296 0.0075029 0.016049 0.03118 0.029256 0.0075715 0 0 0.0025532 0.022142 0.0058744 0.0051345 0.0010179 0.020279 0.055763 0.0070958 0.0093004 0.0045441 0 0.0080219
0.015598 0.02806 0.040448 0.025744 0.010829 0.013621 0.011494 0.017968 0.036319 0.04554 0.0065233 0 0 0.00011372 0.022086 0.0066487 0.0059051 0 0 0.036947 0.0092002 0.012867 0.0085958 0 0.0070671
0.012032 0.034177 0.043129 0.030037 0.024585 0.0067419 0.01885 0.049494 0.020534 0.025657 0.0354 0.052715 0.06448 0.054278 0.013406 0.0059915 0.0087787 0.012186 0.026614 0.023115 0 0 0.028429 0.043685 0.042504
0.0086126 0.023132 0.040685 0.036714 0.032426 0.0046805 0.0095064 0.036671 0.028334 0.027717 0.02273 0.037653 0.055655 0.055297 0.016876 0.005693 0.0088474 0.012485 0.027558 0.027119 0 0 0.018617 0.03549 0.041087
0.0067791 0.01064 0.030714 0.034462 0.030492 0.0059416 0.0049147 0.018557 0.03805 0.029703 0.010152 0.018854 0.037248 0.042187 0.016672 0.0076001 0.012076 0.013938 0.023736 0.027623 0 0 0 0.016228 0.027269
0.011371 0.015088 0.031769 0.025443 0.016288 0.0093999 0.01205 0.014861 0.037735 0.031606 0.0031222 0.010846 0.022083 0.024319 0.029282 0.0067561 0.010264 0.010462 0.01692 0.028783 0 0 0 0.00032586 0.019853
0.014334 0.0033637 0.013836 0.036419 0.034079 0.0078454 0.013176 0.0044988 0.029231 0.03728 0 0 0.01019 0.041922 0.067094 0.0069795 0.0094114 0.0071515 0.01152 0.041133 0.00018511 0 0 0 0.022711
0.033653 0.067204 0.013575 0.025437 0.029681 0.0014814 0.050936 0.060802 0.0019803 0.010245 0.0056408 0.022979 0.027423 0.032078 0.038179 0.0018498 0.005802 0.022116 0.058828 0.045462 0.01772 0.016421 0.017929 0.038586 0.04549
0.019958 0.02496 0.002305 0.032488 0.039262 0.0029647 0.026413 0.029445 0.029156 0.023495 0.0013763 0.025129 0.031034 0.037074 0.047051 0 0.0014319 0.013651 0.040644 0.039518 0.013039 0.01219 0.014736 0.026486 0.03804
0.014391 0 0 0.034659 0.051922 0.0053105 0.011716 0 0.028866 0.043122 0 0.014162 0.022242 0.026668 0.039361 0.0023694 0.0038135 0.011118 0.034817 0.035911 0.0090558 0.0063428 0.006202 0.012596 0.023759
0.0071413 0 0 0.013894 0.015248 0.0029755 0.007738 0 0.02759 0.08395 0 0.011589 0.020324 0.018592 0.026749 0.00047337 0.00081228 0.00088723 0.011499 0.021722 0.010206 0.0085454 0.011908 0.011623 0.0030839
0.0075955 0 0 0.01072 0.021708 0.0039839 0.0029128 0 0.0088789 0.076246 0.00437 0.01747 0.022261 0.012259 0.018694 0.001559 0.0011537 0 0 0.015293 0.010579 0.010062 0.011028 0.0088569 0.0009574
0.0096886 0.010178 0.02035 0.029747 0.027312 0.00086923 0.010482 0.029865 0.021005 0.025959 0.014406 0.040491 0.057642 0.057952 0.021299 0.0009134 0.0020041 0.0075057 0.027947 0.01964 0 0.013174 0.04611 0.057547 0.051118
0.0092271 0.00029096 0.0079422 0.030959 0.032918 0.00071335 0.0057224 0.016218 0.029676 0.026437 0.0052108 0.031199 0.049994 0.053416 0.021081 0.0024097 0.0047776 0.007637 0.017342 0.015842 0 0 0.027547 0.040577 0.03299
0.0059119 0 0.010743 0.02876 0.025112 0.0022243 0.0016637 0.0088749 0.035532 0.022519 0.0074072 0.023238 0.037051 0.03721 0.012189 0.0028918 0.0047782 0.0092587 0.021951 0.017517 0 0 0.0034846 0.031527 0.037264
0.0095999 0.00065457 0.012595 0.025933 0.024597 0.0064981 0.0041187 0 0.032513 0.034377 0.013304 0.024531 0.033625 0.023892 0.003747 0.0026118 0.0034977 0.0059399 0.017217 0.022039 0 0 0 0.0049608 0.030844
0.011322 0 0 0.031143 0.044788 0.0063026 0.005315 0 0.014624 0.050576 0 0.012061 0.01878 0.024769 0.046932 0.0033833 0.0045129 0.0023695 0.0058845 0.032287 0.00027179 0 0 0 0.020599
