0.0069772 0.020248 0.025588 0.027542 0.0327 0.0058478 0.0062463 0.017275 0.027172 0.028509 0.009824 0.011299 0.013931 0.018618 0.023972 0.0031744 0.0008273 0.0053892 0.020939 0.040431 0.0055943 0.0065079 0.0089688 0.026644 0.028777
0.010989 0.020346 0.028393 0.028953 0.028424 0.0054412 0.0071574 0.023883 0.028173 0.029774 0.010518 0.011374 0.013586 0.019945 0.025496 0.0042795 0.002588 0.0022994 0.0053935 0.01223 0.0061874 0.0073253 0.0093579 0.022291 0.020563
0.0085326 0.02452 0.02615 0.030431 0.03037 0.00425 0.0068073 0.025638 0.031591 0.036483 0.01015 0.011501 0.01377 0.019907 0.023207 0.0034653 0.001602 0 0 0 0.0057507 0.0071067 0.0096287 0.017992 0.012252
0.0064006 0.02333 0.029745 0.025545 0.030209 0.0029016 0.0061909 0.026679 0.033661 0.041858 0.0094557 0.011196 0.013748 0.020039 0.023055 0.002246 0 0 0 0 0.0051615 0.0065593 0.009819 0.016428 0.0093961
0.0066852 0.020289 0.028126 0.024665 0.052599 0.0038727 0.0062057 0.024861 0.039363 0.047613 0.0090247 0.0092177 0.009223 0.013929 0.017123 0.0020637 0 0 0 0 0.0044321 0.0059758 0.011113 0.014759 0.0061362
0.02619 0.022596 0.018763 0.018158 0.016942 0.018643 0.020825 0.021986 0.016359 0.02351 0.010081 0.013288 0.01979 0.03084 0.036178 0.002296 0.012361 0.022521 0.018445 0.025072 0.0090934 0.011054 0.0138 0.026258 0.041751
0.012994 0.011059 0.016724 0.019135 0.016389 0.011143 0.012165 0.019681 0.021417 0.022919 0.0049917 0.0063067 0.0093444 0.019991 0.030216 0.0063689 0.023086 0.042757 0.038998 0.046129 0.005544 0.0066959 0.0064038 0.017052 0.034971
0.0076046 0.0038344 0.013482 0.016015 0.011274 0.0074595 0.0023536 0.0056909 0.025536 0.026764 0.0020456 0.0016097 0.0015723 0.0079268 0.019456 0.0044473 0.0082287 0.031729 0.0541 0.074294 0.0033219 0.003428 2.1548e-06 0.0074812 0.019315
0.0085561 0.0084754 0.017203 0.014525 0.012029 0.0078016 0.00031486 0.001524 0.03192 0.04066 0.0049227 0.0034063 0.0015878 0.0038652 0.010609 0.0061975 0.0068156 0.0038472 0.02791 0.096912 0.0036636 0.0036266 0.00075412 0.0030461 0.0028669
0.006308 0.0091932 0.01982 0.017382 0.021105 0.0072948 0 0 0.039121 0.069962 0.0069541 0.0061515 0.0049678 0.0061733 0.0081137 0.0049432 0.0052744 0.0023596 0.0088052 0.085957 0.0036604 0.0036545 0.0037969 0.0051734 0.00073332
0.031025 0.035048 0.030241 0.026292 0.022781 0.02225 0.020871 0.025709 0.027734 0.028363 0.019925 0.027749 0.029164 0.01373 0.0029381 0.011442 0.016194 0.018136 0.02268 0.014085 0.0057524 0.006343 0.01664 0.015451 0.020635
0.025009 0.028592 0.025594 0.021442 0.015679 0.01706 0.01422 0.022073 0.024273 0.026898 0.012909 0.01403 0.014958 0.012017 0.0089933 0.01072 0.015082 0.016458 0.017657 0.0084396 0.0043171 0.0037294 0.011019 0.012795 0.013241
0.020798 0.0282 0.022983 0.01719 0.0095419 0.011822 0.0092962 0.020699 0.023204 0.024186 0.0066415 0 0 0 0.016801 0.010668 0.016091 0.019537 0.024958 0.015951 0.0042235 0.0030759 0.0072744 0.0078389 0.010325
0.016693 0.025203 0.020743 0.016703 0.011393 0.0091005 0.0088616 0.018933 0.019018 0.011983 0.0045415 0 0 0 0.020233 0.0089817 0.01467 0.02017 0.029487 0.019376 0.0031874 0.0016953 0.0029281 0.0018413 0.0090757
0.0037183 0.01194 0.022892 0.023892 0.015797 0 0 0.011333 0.031895 0.030621 0 0 0.0090395 0.035934 0.074516 0.0054758 0.0097462 0.014447 0.025053 0.018108 0.0011403 0.00052121 0 0 0.0015186
0.044492 0.037764 0.031716 0.030561 0.027197 0.020546 0.028997 0.024476 0.023176 0.021038 0.0062485 0.01521 0.028825 0.03967 0.037685 0.0098062 0.012534 0.013809 0.013012 0.0055645 0.0067812 0.0086681 0.011764 0.010793 0.012413
0.01629 0.016616 0.036349 0.044371 0.033351 0.0091548 0.015773 0.021074 0.036317 0.030894 0.0028692 0.010415 0.02134 0.031933 0.034551 0.0044968 0.0053956 0.0067912 0.0042221 0 0.0039452 0.0057498 0.0067839 0.0059169 0.0067206
0.0032828 0 0.019996 0.036411 0.02372 0.00248 0.0065257 0.0084889 0.025445 0.024768 0 0.0058069 0.013962 0.020837 0.025363 0.0031826 0.0041497 0.0052058 0.0055447 0.0027407 0.0010664 0.002609 0.0013204 0.00012873 0.0020413
0.011988 0.003674 0.0066365 0.013462 0.0070216 0.0058715 0.0072566 0.0054709 0.0062455 0.016223 0.001241 0.005196 0.010911 0.012776 0.015588 0.0055408 0.0079089 0.0084344 0.011508 0.015828 0.0015894 0.0027808 0.0014348 0 0
0.011042 0.0085455 0.0067026 0.0075583 0.0059201 0.0040153 0.0059905 0.0064994 0.00084815 0.0077783 0.0040548 0.0080916 0.012839 0.012706 0.013363 0.0052799 0.0077779 0.0098034 0.014716 0.025359 0.0023179 0.0033292 0.0019466 0 0.00020671
0.027116 0.025013 0.023825 0.025943 0.021436 0.017887 0.023557 0.014976 0.0087957 0.0056437 0.0031553 0.018062 0.041196 0.041751 0.022167 0.0093975 0.0132 0.013808 0.014742 0.0018112 0.0011673 0.001227 0.0099839 0.012251 0.012822
0.022529 0.020059 0.017147 0.015232 0.0073824 0.0096999 0.0092307 0.0083366 0.0093581 0.013904 0 0.0051522 0.017557 0.026339 0.024991 0.0079031 0.011428 0.012213 0.012783 0.0041828 0 0 0.0019888 0.0053431 0.0079253
0.020312 0.01746 0.011137 0.0072747 0.0012674 0.008423 0.0096852 0.0087479 0.0038164 0.0019678 0 0.0050139 0.014465 0.022274 0.022482 0.0079441 0.012075 0.014445 0.017111 0.0052861 0 0 0 0.00060454 0.007053
0.013363 0.017818 0.016023 0.018216 0.018708 0.0061234 0.012563 0.013767 0.0044276 0 0.0036889 0.010276 0.01826 0.016653 0.010517 0.0061563 0.010988 0.016561 0.023536 0.007878 0.00062302 0 0 0 0.010694
0.0031136 0.017547 0.023162 0.031315 0.034088 0.001406 0.014483 0.019581 0.0095537 0 0.0086444 0.020128 0.031086 0.025952 0.014183 0.0035159 0.0071573 0.012719 0.019489 0.0022962 0.002298 0.0025182 0 0 0.0023816
