0 0 0 0 0 0 0 0 0 0 0.017203 0.012159 0.0075058 0.0051116 0.0039913 0.035956 0.029158 0.021383 0.017205 0.010862 0.043122 0.041433 0.041497 0.043519 0.046409
0 0 0 0 0 0 0 0 0 0 0.01661 0.01199 0.0074124 0.0054122 0.0039623 0.03371 0.026923 0.019421 0.014978 0.0084316 0.042445 0.041477 0.041224 0.042141 0.043869
0 0 0 0 0 0 0 0 0 0 0.010451 0.0072784 0.0038486 0.0022358 0.0011613 0.031978 0.024538 0.017605 0.014881 0.0081881 0.039248 0.038236 0.037678 0.039015 0.040852
0.010505 0.0027214 0 0 0 0 0 0 0 0 0.0031992 0.0020082 0.0002335 0 0 0.026286 0.019022 0.017245 0.02038 0.015629 0.031927 0.031311 0.031341 0.032089 0.031903
0.011276 0.0052975 0 0 0 0 0 0 0 0 0.0035045 0.0023482 0.00061175 0 0 0.021616 0.015134 0.010867 0.0086997 0.0040894 0.034088 0.033114 0.03252 0.033554 0.033541
0.025218 0.048031 0.031338 0.0079559 0.0063402 0.061365 0.044496 0.029202 0.021795 0.018286 0.0014352 0 0.00035782 0.00092173 0.0020675 0.0092819 0.0044352 0.0044948 0.0020654 0 0.031542 0.030959 0.028287 0.025541 0.018768
0.035409 0.054977 0.035643 0.0088815 0.0065809 0.016422 0.0076794 0.0035839 0.0036316 0.0057906 0.00055924 0 0 0 0.00094139 0.01629 0.0098513 0.0073908 0.0056236 0.0010629 0.034126 0.034475 0.033345 0.031531 0.024773
0.026626 0.024444 0.015417 0.0073482 0.0067804 0 0 0 0 0 0 0 0 0 0 0.016655 0.0080968 0.0059823 0.0034804 0 0.044286 0.042187 0.037621 0.033162 0.024099
0.023186 0.015177 0.008748 0.0077864 0.0059702 0 0 0 0 0 0 0 0 0 0 0.016214 0.0080136 0.0049128 0.0012629 0 0.046406 0.043531 0.037925 0.032803 0.023375
0.020884 0.01478 0.010326 0.009217 0.0064124 0 0 0 0 0 0 0 0 0 0 0.016408 0.0082247 0.0042467 0 0 0.044606 0.042485 0.036661 0.031645 0.022163
0.010684 0.010111 0.008358 0.0052577 0.0031388 0.089751 0.061994 0.032438 0.017708 0.0088991 0.02758 0.02207 0.013744 0.0087097 0.0051924 0.049817 0.034201 0.043177 0.056324 0.055656 0.10176 0.069704 0.04048 0.026072 0.01621
0.012889 0.013449 0.011275 0.006984 0.0046357 0.075232 0.069969 0.053483 0.034596 0.018275 0.002707 0.0014837 0.0046372 0.004076 0.0022292 0.037178 0.027842 0.037816 0.050568 0.047007 0.067843 0.059886 0.045794 0.035912 0.028204
0.016438 0.015143 0.01377 0.010555 0.0075428 0.026936 0.02638 0.034535 0.033819 0.028922 0.0047854 0.0024894 0.0034308 0.0038537 0.0042991 0.029544 0.024729 0.037654 0.053898 0.05463 0.027263 0.033962 0.042234 0.049474 0.054344
0.017466 0.014709 0.0143 0.01224 0.0089894 0.013668 0.014133 0.01987 0.022346 0.022557 0.0084325 0.0053348 0.0050354 0.0032679 0.0050617 0.032861 0.026647 0.037497 0.05304 0.055776 0.01593 0.018584 0.028718 0.042376 0.058857
0.023903 0.019167 0.018645 0.016715 0.012325 0.012516 0.015049 0.018919 0.018847 0.017263 0.0086306 0.0054891 0.0055459 0.0050773 0.0025349 0.027844 0.020684 0.022707 0.029824 0.028591 0.01985 0.017625 0.021157 0.028921 0.041001
0.012369 0.0098375 0.0080478 0.005828 0.0039427 0.0026381 0.0023425 0.0020576 0.0020797 0.0024951 0.0011096 0.0010268 0.00094031 0.00075812 0.00089952 0.14665 0.13599 0.064769 0.050743 0.042299 0.02348 0.023522 0.024144 0.020673 0.010264
0.017292 0.013712 0.011639 0.0090641 0.005972 0.0039502 0.0036636 0.0033801 0.003394 0.0034844 0.00088941 0.00081041 0.00073195 0.00090717 0.00070451 0.056659 0.11181 0.087397 0.052627 0.041786 0.020581 0.021569 0.024319 0.023011 0.015976
0.021855 0.017472 0.015405 0.01237 0.0082908 0.0054832 0.0051915 0.0049011 0.0049092 0.00466 0.00073554 0.00064091 0.00092425 0.00075446 0.00090941 0.025589 0.048475 0.083321 0.05828 0.024914 0.014843 0.015202 0.020455 0.024868 0.029991
0.023407 0.01838 0.016573 0.013749 0.0090892 0.0059518 0.0064103 0.0061542 0.0058414 0.0056099 0.0017983 0.0013668 0.001314 0.0015031 0.0016615 0.0078174 0.021476 0.055417 0.06567 0.035088 0.017232 0.016949 0.021079 0.026286 0.034398
0.011867 0.0093135 0.0077156 0.0057814 0.0038931 0.0029438 0.0026741 0.0027577 0.0028269 0.0032385 0.0014293 0.0011259 0.0010618 0.0011964 0.0012911 0.034049 0.031026 0.07092 0.13396 0.23071 0.024141 0.024811 0.024042 0.017007 0.0044915
0.014354 0.011483 0.0099717 0.0084427 0.005682 0.0037329 0.0039585 0.0041804 0.0039605 0.0040559 0.0021031 0.0017887 0.0014528 0.0013258 0.0014904 0.12724 0.086404 0.049062 0.0445 0.04311 0.031325 0.043347 0.047743 0.050654 0.056393
0.016053 0.012827 0.010728 0.0084569 0.0057117 0.0038941 0.0039895 0.0040786 0.0037999 0.0042944 0.0019476 0.0015229 0.0014675 0.001298 0.0014697 0.055818 0.074127 0.053475 0.041561 0.040902 0.0054713 0.018727 0.03368 0.046303 0.066531
0.022512 0.017726 0.016087 0.013132 0.0086885 0.0055357 0.0057174 0.0058893 0.0056039 0.0050323 0.0024226 0.0020032 0.0016076 0.0014461 0.001271 0.031813 0.05819 0.064431 0.047598 0.043864 0 0 0.013285 0.033876 0.066779
0.021679 0.017124 0.014514 0.011248 0.0073211 0.0049258 0.0046279 0.0043336 0.0040194 0.0038132 0.0022893 0.0018077 0.0013676 0.0011886 0.0010026 0.028007 0.040037 0.055053 0.049827 0.035117 0 0 0.011747 0.029511 0.057222
0.02555 0.020435 0.017686 0.014226 0.009157 0.0063996 0.0061474 0.0058891 0.0051931 0.0049556 0.0023563 0.001875 0.0014391 0.0012632 0.0010688 0.02359 0.038721 0.052489 0.048957 0.032398 0.0056875 0.0040104 0.0098166 0.011405 0.014987
