0.035316 0.04553 0.04473 0.024339 0 0.039779 0.039994 0.034883 0.031514 0.021093 0.02138 0.020578 0.010624 0.00028423 0 0.013452 0.01666 0.0090144 0.0020949 0.0025276 0.021314 0.02147 0.013498 0.004904 0.0027946
0.039337 0.042838 0.05227 0.034036 0 0.040011 0.03983 0.034974 0.030795 0.019192 0.022998 0.020457 0.0060149 0 0 0.013609 0.016289 0.010322 0.0049683 0.0061014 0.027745 0.031135 0.021555 0.0045543 0
0.033473 0.039421 0.034986 0.019896 0 0.03666 0.037023 0.035044 0.033436 0.022102 0.021602 0.018772 0.0060679 0 0 0.011743 0.014203 0.0096796 0.00028659 0 0.023361 0.024334 0.015562 0.0043295 0.0033784
0.022849 0.023631 0.01942 0 0 0.031798 0.03286 0.034177 0.035822 0.02706 0.021526 0.018136 0.0063842 0 0 0.010284 0.012353 0.0096043 0 0 0.021465 0.02106 0.013656 0.0072989 0.013289
0.00736 0.0070012 0.012023 0.016473 0.013706 0.023955 0.026479 0.034331 0.041625 0.039274 0.014673 0.013899 0.0084607 0.0050737 0 0.0066373 0.012286 0.010951 0.0012622 0 0.011043 0.0095936 0.01164 0.018724 0.025628
0.019947 0.014596 0.001492 0 0 0.029195 0.026789 0.027285 0.033131 0.055541 0.013911 0.015824 0.016146 0.012338 0.0078416 0.0070717 0.0030678 0.0043775 0.0104 0.017792 0.009738 0.0078873 0.0087 0.0141 0.02087
0.014274 0.010245 0.0009611 0 0 0.025683 0.024477 0.027649 0.036241 0.057911 0.017171 0.019716 0.018364 0.012619 0.0071415 0.0069315 0.0039232 0.001244 0 0.0032731 0.010702 0.0094319 0.01185 0.01831 0.025798
0.010697 0.0057731 0 0 0 0.020872 0.020475 0.023928 0.031761 0.043876 0.016147 0.01783 0.015965 0.010385 0.0057747 0.0065832 0.0051653 0.0026161 7.872e-05 0.0028364 0.0099179 0.008112 0.010235 0.01701 0.024988
0.007256 0.00119 0 0 0.0041793 0.017363 0.016611 0.021773 0.031914 0.045314 0.012393 0.011998 0.009666 0.0061247 0.0064878 0.0063192 0.0067942 0.0046203 0.0020342 0.0037597 0.0074453 0.004686 0.0065596 0.014193 0.024694
0.0054327 0 0 0 0.012566 0.015233 0.014061 0.020653 0.032841 0.046682 0.0080806 0.0070009 0.0066044 0.0058862 0.0091241 0.0053579 0.0064901 0.005926 0.0046256 0.0061596 0.0041774 0.00097481 0.0039991 0.014085 0.025754
0.0025158 0.0095124 0.019744 0.029782 0.054646 0.0099139 0.017491 0.025738 0.024382 0.022335 0.012425 0.011969 0.02057 0.029671 0.040513 0.00034444 0 0 0.0051272 0.010154 0.0043131 0.0010848 0.0040625 0.013653 0.030169
0.0021705 0.0062775 0.014631 0.027224 0.058892 0.0092412 0.014392 0.022007 0.022151 0.022965 0.0091172 0.0073987 0.014734 0.023277 0.034182 0 0 0 0.0090969 0.015774 0.0033605 0 0.0025594 0.01289 0.026921
0.0052086 0.0043402 0.0098613 0.026055 0.064428 0.0097667 0.0077662 0.01188 0.013867 0.021661 0.008845 0.0068622 0.01043 0.016394 0.026785 0.001107 0 0.0040128 0.017431 0.021202 0.0037586 0.0022122 0.0015701 0.0033126 0.010378
0 0.008359 0.025934 0.043426 0.035573 0.00042645 0.0090117 0.015431 0.013194 0.011711 0.01658 0.017921 0.033127 0.050609 0.069623 0.0080983 0.0089046 0.0094351 0.015977 0.032952 0.00080605 0.00072909 0.0033191 0.0062088 0.010383
0.0018453 0.010007 0.029775 0.055469 0.053791 0.0042477 0.0074249 0.014118 0.018504 0.0167 0.018203 0.021636 0.035683 0.050397 0.060643 0.0091534 0.0091125 0.011591 0.018041 0.030622 0.0028543 0.0046395 0.0065932 0.0032405 0.0020209
0.0071032 0.0029256 0 0 0.029825 0.010885 0.0093788 0.019428 0.031366 0.046474 0.008776 0.0080877 0.0085877 0.0080374 0.0064804 0.0032447 0.0072282 0.021484 0.023964 0.017681 0.0094098 0.0067445 0.0033454 0.0041911 0.0099468
0.00039439 0 0 0 0.018354 0.0056734 0.0047555 0.014232 0.026648 0.043514 0.0081865 0.0084157 0.0096049 0.0078889 0.0048841 0.00075819 0.00050421 0.015362 0.021925 0.016478 0.0064894 0.0034494 0.0019941 0.0054608 0.0097642
0.00092595 0 0 0 0.022279 0.0060726 0.0033569 0.0058672 0.011898 0.024939 0.0075634 0.0080014 0.0094585 0.0077388 0.0043309 0 0 0.012492 0.021694 0.015932 0.0054411 0.0024672 0.0015445 0.00564 0.0092169
0.0045176 0 0 0 0.021203 0.010558 0.006681 0.0053031 0.0072177 0.015187 0.0071938 0.0076687 0.007452 0.0042749 0.00046852 0.00028423 0 0.012238 0.022021 0.015959 0.0057991 0.00317 0.00099374 0.0031721 0.0060625
0.009926 0.0018717 0 0.0058538 0.052755 0.012394 0.0034051 0 2.4125e-05 0.0099214 0.0047743 0.0037965 0.00084815 0 0 0.00043131 0 0.01142 0.023223 0.017279 0.0058086 0.0039066 0 0 0.0026044
0.010763 0.015821 0.02462 0.033483 0.025969 0.012913 0.017492 0.016163 0.0099859 0.0021234 0.035155 0.037687 0.046765 0.057731 0.064269 0.01714 0.023074 0.027241 0.03298 0.044368 0.021852 0.036349 0.044154 0.039064 0.021058
0.011719 0.018255 0.026945 0.033025 0.023121 0.015371 0.020232 0.017647 0.010426 0.0016855 0.034972 0.038691 0.04804 0.058395 0.065571 0.01686 0.021922 0.025162 0.030717 0.041459 0.024638 0.029174 0.04484 0.042639 0.026939
0.011708 0.018286 0.026725 0.032881 0.023858 0.015378 0.020445 0.018092 0.010884 0.0029566 0.033946 0.038263 0.047981 0.058147 0.064178 0.015724 0.019531 0.021298 0.026247 0.03783 0.022426 0.031705 0.037911 0.039883 0.025764
0.010559 0.018388 0.028195 0.034607 0.026351 0.014195 0.020482 0.018908 0.011964 0.0037196 0.031373 0.036366 0.047597 0.058899 0.06486 0.014214 0.016627 0.017376 0.022636 0.035347 0.016945 0.024641 0.034041 0.029748 0.025297
0.013617 0.019162 0.02768 0.03569 0.029342 0.01793 0.021005 0.017941 0.012335 0.0063102 0.029137 0.036603 0.050029 0.062828 0.067976 0.014779 0.015697 0.015279 0.020511 0.035025 0.0086876 0.014195 0.025233 0.028618 0.02058
