0 0 0 0 0 0.0048819 0.0023947 6.43e-05 0.00023133 0.0013821 0.010462 0.0075005 0.0048711 0.004389 0.0042527 0.021127 0.02004 0.00798 0.0058002 0.0041291 0.039589 0.038516 0.028 0.015081 0.0040678
0 0 0 0 0 0.0040101 0.002056 0.00028057 0.00058352 0.0018194 0.014162 0.010543 0.0075803 0.0067695 0.0073601 0.022017 0.020746 0.0089433 0.0072111 0.0063072 0.041033 0.039482 0.029086 0.016374 0.0052383
0 0 0 0 0 0 0 0 0 0 0.012745 0.009451 0.0061242 0.0049576 0.0048401 0.027869 0.026477 0.012239 0.0094646 0.0077334 0.036984 0.035629 0.030281 0.023114 0.015256
0 0 0 0 0 0 0 0 0 0 0.0080409 0.0057523 0.0027306 0.0016551 0.0011872 0.031114 0.028263 0.015043 0.014329 0.012652 0.029065 0.028229 0.029321 0.030738 0.029884
0.012753 0.0066519 0.0025888 0.0035659 0 0 0 0 0 0 0.0043489 0.0026551 0.00058823 0 0 0.027209 0.023384 0.01367 0.018782 0.019177 0.029115 0.028441 0.03113 0.033997 0.035679
0.02591 0.051377 0.031243 0.0051489 0.0043092 0.049712 0.034055 0.022059 0.016682 0.01433 0.0062053 0.0034692 0.002655 0.0032019 0.0041237 0.0076013 0.0061191 0.0083223 0.018938 0.017216 0.021561 0.025815 0.030155 0.031244 0.027984
0.029589 0.047268 0.028408 0.0054827 0.0037857 0.011737 0.0025768 0 0.00075377 0.0026733 0.005069 0.0022799 0.0011923 0.0013166 0.0026213 0.011022 0.010404 0.009668 0.018844 0.016836 0.022047 0.026691 0.031241 0.031937 0.030055
0.031965 0.02646 0.014796 0.0067478 0.0052639 0 0 0 0 0 0.0034021 0.00090454 0 0 0 0.0096374 0.008558 0.011761 0.02898 0.031226 0.020928 0.026218 0.032017 0.032677 0.03122
0.028867 0.01843 0.011084 0.009444 0.0059523 0 0 0 0 0 0.0059399 0.0036613 2.9875e-06 0 0 0.0084469 0.0072773 0.010778 0.029847 0.032339 0.021027 0.026188 0.031499 0.031477 0.029993
0.026146 0.017898 0.010991 0.0084444 0.0040966 0 0 0 0 0 0.0097144 0.006554 0.0026679 0.00057369 0 0.01104 0.0098886 0.010346 0.025329 0.025972 0.024027 0.028395 0.032045 0.032091 0.031185
0.0094184 0.010708 0.0098082 0.0061915 0.0038044 0.096625 0.065657 0.033918 0.018192 0.008696 0.012108 0.011839 0.0080562 0.0044701 0.0015016 0.052682 0.042888 0.035743 0.03017 0.01987 0.064925 0.044075 0.031947 0.030901 0.033059
0.0011775 0.005012 0.0054066 0.0025884 0.0024967 0.073817 0.065853 0.046712 0.028038 0.014837 0 0 0.0015338 0.0025218 0.0020529 0.042301 0.035596 0.030034 0.026449 0.019652 0.073989 0.064459 0.042654 0.027346 0.017594
0.0068293 0.0079293 0.0076456 0.0053843 0.0045159 0.022658 0.021807 0.024972 0.022791 0.019233 0 0 0.00014193 0.0023928 0.0041365 0.03738 0.034501 0.030618 0.031618 0.028072 0.029712 0.040609 0.042255 0.038749 0.034972
0.013085 0.011288 0.010822 0.0085759 0.0064596 0.01065 0.010915 0.012898 0.013949 0.014749 0.00024981 0 0.0012246 0.00084531 0.0042093 0.032766 0.030664 0.025985 0.027763 0.026854 0.0069875 0.020957 0.035399 0.038931 0.036787
0.013232 0.010616 0.010794 0.0091962 0.0066375 0.0097888 0.010602 0.01103 0.01047 0.0099599 0.0069847 0.0034833 0.0031221 0.0029366 0.00051689 0.025425 0.021628 0.013203 0.018697 0.020381 0.024619 0.029812 0.036614 0.036521 0.032957
0.011595 0.0087048 0.0071914 0.0049755 0.0029337 0.0030789 0.0030956 0.0028491 0.0026236 0.0022705 0.0039931 0.0031192 0.0023411 0.0018328 0.0019206 0.14967 0.15159 0.076856 0.066576 0.056949 0.053871 0.049681 0.03748 0.025933 0.01653
0.0083284 0.0077398 0.0070455 0.0055314 0.0032975 0.0034775 0.0031059 0.0028308 0.0025829 0.002205 0.005339 0.0039538 0.0030511 0.0024671 0.0025673 0.066622 0.12102 0.10279 0.063169 0.05232 0.044765 0.046559 0.048227 0.046838 0.043584
0.010082 0.0088704 0.0082332 0.00654 0.0041522 0.0036107 0.0034189 0.002961 0.0025882 0.0028502 0.0044887 0.0032135 0.0021372 0.0018055 0.0011648 0.042836 0.060278 0.093062 0.062837 0.038829 0.044576 0.04437 0.048489 0.053261 0.056592
0.0053438 0.0056679 0.0060838 0.0045405 0.0033018 0.0034554 0.0025503 0.0020774 0.0018651 0.001676 0.00035494 0.00026687 7.9477e-05 1.8364e-06 0 0.042179 0.042901 0.073345 0.076683 0.050727 0.040503 0.028021 0.029094 0.038336 0.051655
0.010698 0.0085217 0.0072478 0.0053259 0.0035529 0.0024511 0.0024047 0.0020967 0.0018086 0.0020243 0.0030158 0.0022982 0.0017496 0.001502 0.0016176 0.0346 0.025739 0.05795 0.12527 0.20033 0.051518 0.059644 0.059714 0.050901 0.038077
0.0064547 0.0059748 0.005084 0.0035018 0.0020266 0.0023316 0.0020399 0.0018586 0.0014249 0.0016673 0 0 0 0 0 0.14387 0.10155 0.070618 0.060135 0.048443 0.035694 0.051417 0.06757 0.073744 0.075203
0.016496 0.012048 0.0088245 0.0058828 0.0030955 0.0030295 0.0024981 0.0020722 0.0016793 0.0015616 0.0010337 0.00071821 0.0005623 0.0003402 6.5514e-05 0.060915 0.076291 0.071777 0.059628 0.060204 0.032203 0.046647 0.07072 0.085498 0.094123
0.0058941 0.0063049 0.0062045 0.0046661 0.0030557 0.0029072 0.002416 0.0020275 0.0021847 0.0023559 0 0 0 0 0 0.043002 0.057464 0.07339 0.061057 0.061644 0.01701 0.024292 0.047321 0.07215 0.097501
0.016325 0.013532 0.011221 0.0083828 0.0046597 0.0046726 0.0043387 0.0037277 0.0035845 0.0030705 0.0028002 0.0021068 0.0012944 0.00089532 0.00089272 0.030413 0.031714 0.054346 0.059323 0.057981 0.018 0.021442 0.0392 0.060867 0.085059
0.0097313 0.0095957 0.0092676 0.0071464 0.0047227 0.0049658 0.0046144 0.0039786 0.003508 0.0033954 0.0057367 0.0044874 0.0034872 0.0026442 0.0026314 0.01938 0.029805 0.056663 0.048029 0.039728 0.028043 0.031609 0.036401 0.040726 0.046758
