0.017093 0.016356 0.011874 0.012659 0.014389 0.024441 0.024821 0.026829 0.031536 0.032052 0.016942 0.017168 0.025703 0.035597 0.066751 0.0082329 0.0021558 0.0016384 0.0016017 0.01576 0.0063945 0 0 0 0.027077
0.011462 0.01463 0.014669 0.016061 0.014815 0.020566 0.022728 0.027272 0.034659 0.035682 0.010008 0.0075762 0.016044 0.027901 0.06099 0.0046055 0.0007811 0.00062987 0.0020918 0.014749 0.0049218 0 0 0 0.019253
0.0066305 0.0070534 0.0051499 0.0066348 0.018024 0.013967 0.016599 0.015782 0.013667 0.011595 0.010032 0.0079245 0.017989 0.030174 0.055085 0.0049688 0.0040616 0.0042598 0.0053029 0.014691 0.0063335 0 0 0 0.0080366
0.010177 0.014128 0.01611 0.020953 0.026888 0.013474 0.014956 0.014518 0.012756 0.011364 0.0074702 0.0029956 0.012346 0.02584 0.046351 0.0066618 0.0071735 0.0079657 0.0085281 0.014062 0.0076238 0.0011667 0 0 0
0.012504 0.015402 0.014956 0.015574 0.017389 0.017859 0.021202 0.021748 0.017292 0.0074804 0.010485 0.0074139 0.019567 0.03464 0.057996 0.010711 0.011362 0.013343 0.01447 0.018597 0.0082204 0.002494 0 0 0
0.013156 0.023682 0.020401 0.0013949 0.012709 0.027459 0.026833 0.032389 0.032258 0.051666 0.012082 0.019068 0.017529 0.0058958 0 0.0062956 0.0065227 0.0081653 0.0095138 0.0075563 0.0070523 0.013785 0.025012 0.03663 0.025248
0.013015 0.015563 0.010875 0 0.013504 0.022928 0.024989 0.026477 0.025315 0.032215 0.011031 0.017063 0.014328 0.0023477 0 0.0072006 0.0080448 0.012731 0.017425 0.01801 0.0081098 0.013837 0.024932 0.036381 0.028249
0.011599 0.0036062 0 0 0.0086049 0.0236 0.025249 0.026525 0.028849 0.03809 0.01112 0.018075 0.015706 0.0046025 0 0.0069148 0.0077168 0.011387 0.014408 0.013633 0.0080274 0.013619 0.024259 0.035291 0.02755
0.00953 0.0012233 0 0 0.0058894 0.023027 0.024542 0.025721 0.027487 0.035072 0.010903 0.017916 0.017143 0.0067778 0 0.0065182 0.0064259 0.0089716 0.01054 0.0086978 0.0065535 0.012695 0.0233 0.034411 0.026042
0.0088479 0.0019007 0 0 0 0.019918 0.022561 0.022743 0.019548 0.022218 0.009842 0.016033 0.017002 0.0076124 0 0.007977 0.0075044 0.010674 0.012471 0.0098821 0.0063766 0.01219 0.022628 0.033227 0.025927
0.009131 0.0067302 0.011665 0.015627 0.0079274 0.026199 0.032147 0.042395 0.051073 0.044962 0.018151 0.016048 0.018814 0.018729 0.0087144 0.0091786 0.0059509 0.001986 0 0.0043825 0.010724 0.014542 0.020305 0.024261 0.01417
0.023869 0.030757 0.05216 0.076196 0.059347 0.019194 0.019872 0.021971 0.024267 0.024625 0.0065496 0 0.0059135 0.018022 0.050469 0.0050203 0.0054723 0.004778 0.0051666 0.0054492 0.0002834 0 0 0 0
0.019224 0.024064 0.039736 0.064988 0.062947 0.015465 0.01525 0.018197 0.019524 0.0082233 0.0099288 0.0073226 0.016003 0.031871 0.061953 0.0046894 0.0049233 0.0043954 0.0049056 0.0060991 0.00011712 0 0 0 0
0.012659 0.019004 0.034817 0.067009 0.063208 0.0041918 0.0050416 0.01642 0.023153 0.022567 0.007695 0.013037 0.017644 0.026633 0.044009 0.0011944 0.0014136 0.00074038 0.00050053 0 0 0 0 0 0
0.012291 0.018698 0.026969 0.052899 0.05478 0.0037479 0.0025965 0.0089211 0.015675 0.027378 0.0062281 0.011638 0.019747 0.032762 0.0493 0.0022581 0.0024609 0.0030303 0.0043391 0.0067114 3.1131e-05 0 0 0 0
0.022921 0.079465 0.062536 0.023814 0.035978 0.012966 0.011641 0.016615 0.025019 0.036215 0.0085247 0.0065306 0.013571 0.025813 0.050888 0.0061889 0.0091793 0.015703 0.024612 0.038383 0.0041513 0 0 0 0.014323
0.021424 0.073053 0.069216 0.041036 0.047624 0.013434 0.013691 0.016691 0.020238 0.022027 0.0054571 0 0.00055807 0.013103 0.047965 0.010833 0.013806 0.020574 0.02916 0.036202 0.0082597 0.0014659 0 0 0
0.0082486 0.020097 0.028556 0.026329 0.049102 0.010169 0.010749 0.006439 0 0 0.0085039 0.0034194 0.010229 0.021884 0.051201 0.010194 0.01273 0.018775 0.025916 0.034311 0.008213 0.0014307 0 0 0
0.0081857 0.0034238 0.01054 0.015988 0.027568 0.016755 0.021501 0.021794 0.021081 0.0036542 0.01428 0.014423 0.018569 0.020556 0.017315 0.0087948 0.011563 0.020702 0.032147 0.043414 0.010627 0.01272 0.021129 0.031391 0.033743
0.0062932 0.0021256 0.0098706 0.019112 0.029208 0.012808 0.015238 0.018457 0.023764 0.01629 0.015046 0.012836 0.015293 0.02254 0.069158 0.0031789 0.004381 0.0057714 0.0090568 0.008298 0.0020661 0 0 0.0078825 0.0059367
0.0049998 0.0028644 0.0044624 0.0047642 0.013701 0.02265 0.021194 0.025423 0.030336 0.043001 0.01092 0.01653 0.01742 0.0087371 0 0.0047676 0.0031422 0.0013898 0 0 0.0049155 0.014581 0.026243 0.03744 0.026864
0.0074938 0.0057028 0.0020863 0 0.0014874 0.021238 0.019468 0.029607 0.041873 0.059849 0.0077089 0.017627 0.022382 0.0138 0 0.0063678 0.005597 0.0064592 0.0074568 0.0069167 0.0066363 0.013171 0.023535 0.033809 0.024691
0.010321 0.0070484 0.0046311 0.002522 0.015638 0.026326 0.019961 0.020495 0.022548 0.035927 0.010573 0.023997 0.031975 0.02754 0 0.0076732 0.0047927 0.0043824 0.0052676 0.0095441 0.0077085 0.014456 0.025711 0.038429 0.027775
0.0076955 0.0053964 0 0 0.0024345 0.018534 0.012766 0.011664 0.016917 0.046778 0.0060697 0.017159 0.024889 0.020424 0 0.0064973 0.0072799 0.011616 0.017397 0.019854 0.0086132 0.013413 0.024017 0.034279 0.032417
0.0042238 9.8832e-05 0.0018108 0.0044676 0.013004 0.016867 0.0083093 0.0062468 0.010185 0.04326 0.0070112 0.012633 0.011347 0.00087966 0 0.0031875 0.0015311 0.00044219 0 0 0.0027749 0.011113 0.02216 0.033453 0.018304
